0 1 14
1 2 27
1 3 137
1 4 21
4 8 19
8 5 47
5 6 58
6 7 42
4 90 24
9 90 30
12 90 45
9 10 29
9 11 38
11 14 19
11 12 35
12 13 28
1 13 48
13 16 44
16 17 28
12 15 53
10 18 58
18 19 28
19 20 29
19 23 39
23 27 19
14 27 23
23 24 20
24 25 45
15 25 13
20 21 49
21 22 60
22 28 28
28 29 18
29 30 32
25 26 15
22 26 66
17 26 39
17 31 16
31 48 29
30 31 41
31 32 14
32 34 32
34 33 41
33 35 27
35 38 20
37 38 31
33 36 37
38 39 38
36 39 36
36 47 23
46 47 25
45 46 56
30 45 29
28 91 18
91 45 16
39 40 65
40 41 48
41 42 15
42 43 61
43 45 52
43 53 54
50 53 50
49 50 19
21 49 51
49 84 31
43 58 25
58 60 25
44 60 26
41 44 87
52 60 19
43 56 25
55 56 16
53 54 16
54 55 24
55 57 23
57 62 18
61 62 39
62 63 35
52 61 57
52 62 36
63 64 41
64 65 22
65 66 20
50 51 57
51 62 74
51 66 64
66 67 49
65 69 41
61 69 45
44 59 37
59 75 25
75 76 16
76 77 52
76 85 56
59 74 31
74 75 36
73 74 51
71 73 17
70 71 19
68 70 15
68 69 21
71 72 48
77 78 20
73 78 25
77 89 35
80 89 14
78 79 52
79 80 24
79 82 34
82 83 27
80 81 51
85 86 21
86 87 29
87 88 18
88 89 61