895 233
925 252
950 215
1104 88
928 298
1035 262
1111 188
1175 240
960 285
956 396
973 447
888 415
855 360
843 310
899 449
768 406
765 339
716 356
908 541
859 563
809 581
726 562
630 490
835 498
800 508
773 432
740 432
857 467
609 438
642 425
619 373
691 338
671 317
608 208
637 272
583 162
548 241
612 100
561 138
512 180
412 260
400 346
427 342
494 437
375 506
578 388
525 300
566 277
740 313
644 610
616 580
550 667
420 512
560 511
536 535
496 513
475 485
453 542
445 457
323 550
410 484
403 630
457 575
480 632
455 704
425 736
458 748
405 815
324 675
358 695
291 685
265 706
341 755
242 685
308 620
276 561
243 557
187 630
209 656
143 727
113 700
47 775
166 781
200 820
670 657
143 546
128 578
76 571
55 598
139 677
937 340
584 418